strategic_region={
	id=124
	name="STRATEGICREGION_124"
	provinces={
		130 161 627 716 1441 1604 1723 1782 1799 1825 2501 2505 2859 2916 2993 3007 3179 3294 3372 4071 4151 4155 4239 4285 4297 4437 4967 4974 5374 5563 5582 5680 5872 5982 13206 13218 13221 13232 13240 13246 13250 13251 13264 13268 13275 13280 13294 13297 13298 13299 13300 13306 13319 13324 13330 13331 13332 13333 13345 13352 13359 13367 13368 13369 13370 13373 13374 13395 13400 13412 13413 13425 13442 13443 13451 13459 13462 13463 13473 13486 13488 13489 13510 13517 13530 13535 13548 13556 13568 13581 13582 13593 13614 13615 13622 13670 13704 13708 13762 
	}
	weather={
		period={
			between={ 0.0 30.11 }
			temperature={ -10.0 35.0 }
			no_phenomenon=1.500
			rain_light=0.250
			rain_heavy=0.100
			snow=0.000
			blizzard=0.000
			arctic_water=0.000
			mud=0.000
			sandstorm=0.000
			min_snow_level=0.000
		}
	}
}
