strategic_region={
	id=182
	name="STRATEGICREGION_182"
	provinces={
		20864 20865 20869 20870 20875 20882 20893 20904 20905 20914 20915 20920 20924 20933 20934 20935 20940 20941 20944 20945 20959 20968 20969 20970 20973 20979 20980 20984 20985 20986 20988 20993 20996 21001 21002 21003 21012 21013 21014 21015 21018 21019 21020 21023 21024 21033 21038 21040 21041 21042 21044 21045 21046 21049 21054 21055 21058 21062 21063 21067 21069 21070 21071 
	}
	weather={
		period={
			between={ 0.0 30.11 }
			temperature={ -10.0 35.0 }
			no_phenomenon=1.500
			rain_light=0.250
			rain_heavy=0.100
			snow=0.000
			blizzard=0.000
			arctic_water=0.000
			mud=0.000
			sandstorm=0.000
			min_snow_level=0.000
		}
	}
}
