strategic_region={
	id=184
	name="STRATEGICREGION_184"
	provinces={
		20470 20471 20475 20476 20480 20482 20483 20487 20490 20491 20493 20494 20497 20498 20501 20502 20503 20504 20505 20506 20507 20508 20509 20510 20511 20512 20513 20514 20515 20516 20517 20518 20519 20520 20521 20522 20523 20524 20525 20526 20527 20528 20529 20530 20531 20539 20540 20541 20542 20543 20544 20545 20547 20548 20550 20554 20555 20556 20559 20563 20567 20568 20569 
	}
	weather={
		period={
			between={ 0.0 30.11 }
			temperature={ -10.0 35.0 }
			no_phenomenon=1.500
			rain_light=0.250
			rain_heavy=0.100
			snow=0.000
			blizzard=0.000
			arctic_water=0.000
			mud=0.000
			sandstorm=0.000
			min_snow_level=0.000
		}
	}
}
