strategic_region={
	id=185
	name="STRATEGICREGION_185"
	provinces={
		20351 20352 20356 20357 20359 20361 20362 20375 20376 20379 20380 20384 20387 20388 20391 20396 20397 20400 20401 20405 20409 20410 20414 20418 20419 20423 20424 20425 20426 20432 20433 20437 20440 20441 20442 20443 20446 20451 20452 20453 20457 20458 20459 20461 20463 20464 20465 20466 20467 20472 20473 20477 20481 20484 20485 20486 20488 20489 20492 20495 20496 20499 20500 
	}
	weather={
		period={
			between={ 0.0 30.11 }
			temperature={ -10.0 35.0 }
			no_phenomenon=1.500
			rain_light=0.250
			rain_heavy=0.100
			snow=0.000
			blizzard=0.000
			arctic_water=0.000
			mud=0.000
			sandstorm=0.000
			min_snow_level=0.000
		}
	}
}
