strategic_region={
	id=187
	name="STRATEGICREGION_187"
	provinces={
		21640 21641 21642 21644 21646 21647 21651 21652 21655 21656 21658 21663 21665 21666 21670 21672 21674 21675 21677 21678 21679 21685 21687 21688 21689 21691 21692 21693 21701 21702 21706 21709 21711 21713 21714 21715 21720 21726 21728 21730 21731 21733 21739 21740 21745 21753 21754 21755 21757 21758 21762 21772 21776 21777 21778 21780 21781 21783 21788 21792 21798 21799 21800 
	}
	weather={
		period={
			between={ 0.0 30.11 }
			temperature={ -10.0 35.0 }
			no_phenomenon=1.500
			rain_light=0.250
			rain_heavy=0.100
			snow=0.000
			blizzard=0.000
			arctic_water=0.000
			mud=0.000
			sandstorm=0.000
			min_snow_level=0.000
		}
	}
}
