strategic_region={
	id=188
	name="STRATEGICREGION_188"
	provinces={
		21483 21484 21487 21488 21490 21492 21498 21499 21503 21506 21509 21510 21516 21520 21523 21524 21527 21528 21536 21537 21539 21544 21549 21550 21551 21552 21553 21556 21562 21563 21564 21567 21572 21574 21575 21577 21578 21582 21583 21584 21585 21588 21589 21590 21594 21598 21601 21602 21603 21604 21606 21607 21610 21611 21613 21616 21618 21619 21621 21622 21623 21624 21625 
	}
	weather={
		period={
			between={ 0.0 30.11 }
			temperature={ -10.0 35.0 }
			no_phenomenon=1.500
			rain_light=0.250
			rain_heavy=0.100
			snow=0.000
			blizzard=0.000
			arctic_water=0.000
			mud=0.000
			sandstorm=0.000
			min_snow_level=0.000
		}
	}
}
