strategic_region={
	id=189
	name="STRATEGICREGION_189"
	provinces={
		21626 21627 21628 21629 21630 21631 21632 21633 21634 21635 21636 21637 21638 21639 21643 21645 21648 21649 21650 21653 21654 21657 21659 21660 21661 21662 21664 21667 21668 21669 21671 21673 21676 21680 21681 21682 21683 21684 21686 21690 21694 21697 21698 21703 21707 21708 21710 21716 21717 21718 21721 21722 21724 21732 21734 21735 21736 21741 21742 21746 21747 21749 21759 21760 21764 21765 21766 21773 
	}
	weather={
		period={
			between={ 0.0 30.11 }
			temperature={ -10.0 35.0 }
			no_phenomenon=1.500
			rain_light=0.250
			rain_heavy=0.100
			snow=0.000
			blizzard=0.000
			arctic_water=0.000
			mud=0.000
			sandstorm=0.000
			min_snow_level=0.000
		}
	}
}
