strategic_region={
	id=193
	name="STRATEGICREGION_193"
	provinces={
		21695 21696 21699 21700 21704 21705 21712 21719 21723 21725 21727 21729 21737 21738 21743 21744 21748 21750 21751 21752 21756 21761 21763 21767 21768 21769 21770 21771 21774 21775 21779 21782 21784 21785 21786 21787 21789 21790 21791 21793 21794 21795 21796 21797 21801 21802 21803 21804 21805 21806 21807 21808 21809 21810 21811 21812 21813 21814 21815 21816 21817 21818 21819 
	}
	weather={
		period={
			between={ 0.0 30.11 }
			temperature={ -10.0 35.0 }
			no_phenomenon=1.500
			rain_light=0.250
			rain_heavy=0.100
			snow=0.000
			blizzard=0.000
			arctic_water=0.000
			mud=0.000
			sandstorm=0.000
			min_snow_level=0.000
		}
	}
}
