strategic_region={
	id=195
	name="STRATEGICREGION_195"
	provinces={
		21258 21259 21260 21261 21262 21264 21265 21267 21269 21271 21272 21273 21275 21276 21277 21279 21282 21283 21284 21288 21291 21292 21294 21297 21298 21299 21302 21303 21304 21312 21314 21315 21322 21324 21325 21329 21331 21338 21342 21343 21344 21345 21352 21355 21363 21364 21372 21373 21374 21376 21377 21383 21384 21385 21389 21396 21399 21402 21403 21410 21414 21415 21418 
	}
	weather={
		period={
			between={ 0.0 30.11 }
			temperature={ -10.0 35.0 }
			no_phenomenon=1.500
			rain_light=0.250
			rain_heavy=0.100
			snow=0.000
			blizzard=0.000
			arctic_water=0.000
			mud=0.000
			sandstorm=0.000
			min_snow_level=0.000
		}
	}
}
