strategic_region={
	id=205
	name="STRATEGICREGION_205"
	naval_terrain=water_planets
	provinces={
		18811 19323 19324 19327 19328 19330 19333 19334 19345 19346 19348 19349 19353 19358 19360 19365 19367 19368 19369 19370 19377 19379 19385 19388 19389 19391 19392 19397 19398 19399 19403 19404 19408 19413 19418 19419 19420 19425 19426 19429 19430 19434 19435 19436 19442 19447 19448 19453 19454 19457 19458 19463 19468 19469 19472 19474 19478 19479 19483 19488 19492 19495 19496 19499 
	}
	weather={
		period={
			between={ 0.0 30.11 }
			temperature={ -10.0 35.0 }
			no_phenomenon=1.500
			rain_light=0.250
			rain_heavy=0.100
			snow=0.000
			blizzard=0.000
			arctic_water=0.000
			mud=0.000
			sandstorm=0.000
			min_snow_level=0.000
		}
	}
}
