1 9 12384 1587 4995 5286 12505 12536 12564 12540 4836 
1 3 4836 1188 12535 
1 2 12535 12543 
1 2 12543 12537 
1 3 12543 12562 3417 
1 3 3417 4265 2921 
1 6 2921 936 12680 5660 12633 5602 
1 6 12537 12532 299 12510 12514 1063 
1 9 12537 12532 299 12492 12474 839 722 5458 5666 
1 9 2921 3512 4927 12626 2862 12632 12678 2854 12758 
1 8 6132 12686 4889 5737 4961 12565 3759 12528 
1 8 12309 12288 3838 12351 5830 12313 12340 12312 
1 7 12288 5349 12252 12247 12240 12239 12251 
1 8 12492 12499 1590 12423 4143 5969 4673 12384 
1 4 12537 2416 1346 2921 
1 11 12334 12375 12342 12381 4714 12416 12389 12397 12367 12326 3427 
1 5 12342 12310 1088 4405 12191 
1 5 1088 2982 12219 12242 12277 
1 7 12191 12157 12143 2459 12134 5949 1544 
1 3 12754 12723 12681 
1 4 12723 12745 300 12812 
1 3 12812 1467 12728 
1 3 12728 12731 5058 
1 3 5058 12709 12673 
1 4 12728 12672 12621 2241 
1 4 12621 12602 2672 12586 
1 5 12586 683 12609 12636 12630 
1 5 683 2617 2952 12475 12455 
1 5 12455 12424 12393 12369 5102 
1 5 5102 12319 12344 12363 12352 
1 3 12352 12347 5412 
1 8 12347 534 12462 2816 12533 12560 12555 2241 
1 5 12560 12591 12627 12637 12673 
1 7 12637 806 12592 12561 4245 2572 1240 
1 6 5058 3900 12855 12869 2822 12867 
1 2 12867 12812 
1 3 3900 5134 12842 
1 10 13018 1310 13071 13085 13097 13115 46 2801 13125 13118 
1 2 13018 1669 
1 7 1669 12980 12970 12963 12964 12971 12981 
1 6 12981 1693 4217 13046 5386 13085 
1 7 13046 13064 13061 13076 13098 1823 13118 
1 10 12724 12755 5500 12766 12786 12804 12837 632 12877 5601 
1 2 12309 12333 
1 11 4892 6132 12744 1469 5934 4658 12794 3095 12759 12752 2854 
1 8 12565 433 12483 12434 12403 12374 12341 12309 
1 6 13067 1621 13123 1308 13164 13160 
1 4 13164 13177 13190 13207 
1 6 1621 2322 13144 4347 13172 13181 
1 4 13144 13116 13128 13117 
1 7 13326 13295 13269 13252 13247 947 5895 
1 11 13252 758 1154 5633 4781 5932 13524 13569 13572 13616 686 
1 7 4781 13474 13454 13414 13439 13480 13518 
1 9 4937 13110 946 13139 13158 13162 13150 4200 13124 
1 11 13124 13103 2004 13079 13072 13052 13032 13011 12992 12969 12946 
1 10 12946 12947 12951 12967 12979 2716 2874 13055 13070 13103 
1 5 13011 13024 13012 13002 12979 
1 3 12151 12129 1667 
1 3 12151 3617 12125 
1 3 12125 298 12097 
1 3 12097 12083 4396 
1 3 12097 12070 12035 
1 3 4396 12074 12048 
1 3 12048 12043 12012 
1 4 12012 11999 4909 11961 
1 3 11956 11938 11962 
1 3 11962 1562 12035 
1 2 11961 11946 
1 6 11519 11533 11509 11496 11473 11442 
1 3 11519 11520 5583 
1 10 5583 11460 11434 3341 11358 11330 1931 11364 11399 11405 
1 3 11533 11558 11583 
1 4 11330 5562 10 3713 
1 3 10 11220 11206 
1 6 11206 3922 2853 11174 5533 11120 
1 7 11174 3175 11211 11195 11191 4841 11147 
1 5 11147 3088 11156 79 223 
1 10 223 11233 4020 11290 11282 432 11363 2661 11433 11479 
1 4 11363 1506 2025 11428 
1 3 11775 1833 11755 
1 8 1833 11730 11723 5151 11688 11675 11660 323 
1 4 323 11662 2225 3165 
1 5 11662 11677 3276 913 11710 
1 6 3165 1865 11689 1171 11729 11738 
1 3 11710 5187 11738 
1 5 11738 11754 35 11784 11798 
1 6 11901 11881 11863 11846 11827 1122 
1 4 11901 11889 11866 11833 
1 5 11901 11915 1388 4493 11939 
1 2 4493 11916 
1 3 11901 11919 11948 
1 5 11901 11912 11906 5315 11911 
1 7 11489 3171 3588 11597 11623 3333 11672 
1 13 11489 11463 11430 11406 11382 630 11359 11339 1516 11271 11267 11231 243 
1 7 2704 11592 11572 11545 11516 3564 11489 
1 6 11663 11641 11637 11621 3581 11597 
1 9 3495 11465 2509 11441 911 11398 3389 11375 11359 
1 3 2843 11307 1516 
1 9 3324 3302 4264 12177 12163 12141 914 12093 12063 
1 4 3324 3302 3837 12194 
1 6 3324 12080 5878 639 11993 11963 
1 3 13091 1943 13136 
1 3 13136 13135 13134 
1 5 13136 13140 180 13175 13185 
1 7 13185 13205 1312 13235 1089 5805 13189 
1 2 1089 2370 
1 4 5805 2037 3707 13163 
1 3 13205 13229 4176 
1 3 1091 13254 13282 
1 6 13282 13308 13348 13389 13396 2353 
1 3 2353 13469 13455 
1 3 2353 13532 13594 
1 6 13882 13907 13930 13923 1402 13863 
1 5 13923 13957 13995 1231 14086 
1 3 2346 14321 14367 
1 3 14321 14336 14339 
1 3 14339 14385 14415 
1 3 14367 3515 14407 
1 3 14385 14377 14380 
1 5 14380 5656 14433 6263 14467 
1 9 13456 13407 467 13360 13338 122 13242 13225 3805 
1 9 5291 13286 13265 13285 122 13284 13320 1959 1754 
1 5 13338 13383 5010 3826 13519 
1 3 4535 13709 13714 
1 10 4535 13769 1625 13861 2340 13935 13982 14029 14055 14091 
1 19 4155 13240 13221 13206 13195 13186 5390 13184 13183 3737 218 13220 4102 13239 13263 13293 13323 13366 13411 
1 3 3737 13204 3667 
1 17 13411 5729 13547 13599 13640 13665 158 13723 13761 13766 13811 2089 13788 4282 13812 13801 13795 
1 6 13496 1482 4333 13656 13686 13723 
1 3 4333 13621 13603 
1 6 5680 13708 627 13622 13581 13535 
1 5 13535 13568 2993 13530 13548 
1 5 13530 13459 5582 13332 13297 
1 5 13297 13268 2916 13246 13240 
1 7 13297 4285 13280 2505 13264 161 1441 
1 6 1441 1723 13352 13395 13442 13462 
1 8 13442 13463 13413 13373 716 13400 4239 5872 
1 13 4155 13300 13333 13374 13444 13490 844 13607 13644 13695 13734 13725 13758 
1 3 13758 13748 13795 
1 6 3314 6209 13647 13673 3156 13758 
1 3 3999 13359 13333 
1 3 14112 14095 14066 
1 8 14129 14090 1026 5609 14067 2609 14099 1347 
1 6 5609 14098 14134 4800 3514 14238 
1 6 14238 14277 270 14364 14384 14406 
1 3 14364 14348 14343 
1 3 14406 14430 3200 
1 5 14066 14035 6092 13968 13929 
1 3 6092 14045 14090 
1 4 14512 317 14515 1597 
1 5 1597 14528 14544 2607 1020 
1 4 1020 1291 14579 3880 
1 7 3880 14612 14624 14644 14659 217 14662 
1 6 1638 3527 14616 2041 3043 14662 
1 4 14662 1357 14710 14709 
1 4 4093 14739 14724 14710 
1 7 14758 14747 14725 1826 14687 14675 14659 
1 5 14675 2613 5853 14697 4885 
1 5 5253 14736 14723 1022 4885 
1 10 5253 1241 14737 14721 14702 14688 1890 14657 14629 14613 
1 3 15047 15095 15183 
1 3 15183 3114 5069 
1 6 15183 5534 2319 15284 15316 15317 
1 4 15317 15277 4958 15139 
1 2 15139 15107 
1 5 15317 2532 15439 15487 15537 
1 7 15317 15333 5687 2030 15456 15502 3051 
1 5 15537 1875 1215 1858 15510 
1 5 5069 2125 2770 15466 15510 
1 7 5069 2125 2864 15446 15481 1875 15537 
1 3 15537 15567 2436 
1 5 15510 15536 15572 15606 2436 
1 3 2436 15638 15663 
1 5 2436 15628 15641 15670 15688 
1 4 15663 15656 15670 15688 
1 6 15688 15679 15689 1028 15692 15664 
1 4 3051 15612 15640 15664 
1 2 15640 736 
1 6 3051 160 15554 15576 15567 2436 
1 6 15688 15659 15635 15611 15576 15537 
1 6 15183 5534 15146 15129 2826 4958 
1 8 15047 994 15079 4274 15080 15096 15139 15107 
1 6 14 15676 15677 15682 15696 4817 
1 8 4817 341 15733 15745 15758 629 15783 15808 
1 7 15748 15755 4570 15779 3274 15796 15808 
1 4 15745 3053 15760 15768 
1 4 15758 15751 15742 15736 
1 5 15821 4257 1183 15805 15809 
1 6 1183 15824 15843 3539 15891 4472 
1 3 3539 2341 15875 
1 3 4472 15917 15919 
1 3 15917 15943 2020 
1 3 2020 15992 5338 
1 3 15992 16019 16004 
1 4 5338 6003 15929 15953 
1 4 16004 2358 2552 15953 
1 3 2552 15975 4829 
1 3 16004 2113 16000 
1 2 16000 4829 
1 5 2552 1780 15928 4030 2504 
1 3 4829 15933 15916 
1 3 15916 15912 4030 
1 3 2504 15859 15821 
1 4 2504 15899 5042 15865 
1 2 4030 15899 
1 3 5042 2248 15929 
1 2 15865 15843 
1 3 15929 15910 4472 
1 2 15858 2504 
1 2 15834 15821 
1 13 2531 15952 1144 15926 15927 15932 15962 2354 15958 5384 15985 16001 16023 
1 17 2531 15990 2749 16028 16052 16084 16099 16128 4882 1102 16228 3761 16258 6136 5621 16335 16356 
1 13 16023 16046 3229 16113 16140 16164 16194 2027 16248 16271 16293 16312 16335 
1 7 16356 16361 177 16407 1853 16406 16404 
1 20 16404 16399 3732 16348 16353 16329 16308 16288 16264 16246 4419 1409 16127 16093 16060 109 16015 3463 15998 2531 
1 8 15998 16016 4321 16083 3382 16156 12 16212 
1 7 16212 1174 2784 24 16355 16383 16406 
1 4 16538 16537 16528 1655 
1 3 16538 3764 5880 
1 9 1655 16559 16590 16609 16627 16650 16665 16675 16699 
1 10 1655 16565 2039 16600 16634 16661 2932 16679 16707 16733 
1 4 16665 16686 5197 2932 
1 5 16699 16725 16773 1630 16805 
1 6 1630 16773 16746 240 4398 16733 
1 14 5248 1531 14849 14866 14873 5631 14906 14926 4497 113 15025 15056 15088 5753 
1 6 14926 4651 14993 2663 539 4985 
1 5 4985 3586 15253 15275 15305 
1 6 15305 15249 15267 15260 5463 15236 
1 8 3586 15144 15137 3248 15053 15044 15023 14987 
1 5 14906 14877 14864 5373 2645 
1 9 20017 20014 20007 19997 19979 19965 19960 19947 19931 
1 8 19979 19973 19971 19980 19981 19972 19969 19955 
1 6 19947 19951 19953 19950 19956 19958 
1 10 19931 19928 19915 19901 19898 19876 19866 19855 19850 19838 
1 7 19862 19879 19895 19888 19887 19899 19898 
1 8 19928 19906 19893 19882 19863 19842 19832 19821 
1 7 19819 19816 19808 19797 19788 19781 19777 
1 6 19788 19780 19784 19774 19776 19770 
1 5 19784 19789 19800 19805 19810 
1 11 19756 19752 19741 19727 19714 19705 19688 19676 19659 19653 19640 
1 5 19712 19710 19707 19700 19701 
1 6 19701 19698 19697 19679 19675 19676 
1 9 19640 19638 19634 19620 19612 19606 19594 19587 19580 
1 6 19640 19635 19614 19610 19597 19586 
1 6 19635 19650 19654 19664 19682 19677 
1 10 16945 5380 17027 17065 17098 17134 17186 5819 519 17284 
1 5 5819 3882 17280 17292 17320 
1 6 17320 17298 411 17248 2345 17164 
1 3 17164 17205 17218 
1 5 17218 17221 17233 17226 276 
1 4 2345 17172 17126 3614 
1 4 6008 3109 17505 17533 
1 5 17533 2773 17438 17458 17423 
1 6 17423 17385 4770 17310 4431 17226 
1 6 451 5876 17195 17208 17239 17274 
1 6 17274 17296 17258 3474 17220 17207 
1 8 17207 3666 1019 1901 17023 1690 1872 2905 
1 11 2905 16936 1727 16908 16903 5295 16884 723 16897 162 16862 
1 8 16897 5216 16971 1965 17034 17078 2517 17195 
1 8 20496 20484 20463 20441 20418 20396 20375 20356 
1 5 20441 20442 20433 20443 20426 
1 3 20670 20693 20699 
1 7 20699 20705 20721 20762 20795 20809 20820 
1 2 20808 20820 
1 3 20829 20786 20762 
1 5 20829 20845 20883 20908 20926 
1 8 20840 20849 20848 20860 20830 20811 20821 20829 
1 5 20693 20684 20700 20719 20732 
1 4 20732 20745 20754 20788 
1 6 20788 20806 20850 20878 20923 20955 
1 2 20840 20850 
1 7 20955 20987 20995 21028 21032 21053 21057 
1 5 21057 21059 21061 21066 21072 
1 7 21072 21047 21037 21009 20998 20976 20961 
1 5 4827 5708 13682 13696 3668 
1 5 14204 897 4374 14329 14361 
1 9 14361 5163 5785 14438 14449 14463 3121 14487 14494 
1 6 14494 14499 960 14502 3287 14506 
1 13 14502 14498 14491 14484 6172 14465 14458 3225 5623 4586 14324 14283 14264 
1 10 4586 3107 14332 14299 14265 14211 14203 545 14170 14146 
1 5 14536 14550 14552 14553 2471 
1 9 2471 14580 14610 14623 14645 14665 131 14706 14712 
1 6 14712 14728 14748 1761 14764 14759 
1 3 14759 14753 2056 
1 5 14753 1671 14757 2391 14742 
1 8 2056 14715 14699 14682 14669 14664 4963 14672 
1 8 4963 14634 14615 14598 2141 14555 4702 1235 
1 6 734 14533 14538 14543 14531 4702 
1 2 734 14553 
1 10 15600 15589 281 15532 15543 15519 15525 15505 15476 4295 
1 10 4295 15359 3989 5586 15224 4616 15097 15062 15009 1044 
1 8 15476 55 15393 15336 3480 15217 15175 2576 
1 4 15519 15497 15451 2785 
1 5 15525 15547 15601 4750 2449 
1 7 2449 15602 15560 15526 15498 98 15383 
1 5 3989 928 15360 15383 15361 
1 6 4152 2114 15280 15332 15372 15409 
1 11 15409 15452 15499 15544 5415 1657 5548 4006 15722 2644 15744 
1 10 4006 15686 15649 15636 15616 15591 15549 15513 15468 2307 
1 3 15468 6205 15367 
1 6 5415 1891 15626 15651 15667 1229 
1 7 1229 15674 15652 15617 15585 5496 6069 
1 5 6069 2094 15342 15326 15269 
1 5 15372 4603 15264 15176 15131 
1 4 15131 15177 15219 15269 
1 2 15167 2114 
1 5 5531 4736 16473 16472 837 
1 6 837 16464 16460 1877 16456 5097 
1 5 837 1642 16446 1112 4768 
1 4 1642 16445 181 5245 
1 5 5531 3757 184 16425 16396 
1 3 16209 16235 16266 
1 6 16266 4572 16298 16275 16274 5442 
1 4 5442 16319 16345 1800 
1 2 16382 1800 
1 3 1800 1613 4768 
1 4 16382 16411 16429 5097 
1 12 14001 1775 555 644 5352 183 13745 13732 726 731 13693 5894 
1 9 5352 5316 2305 5342 1275 13608 16 425 1580 
1 6 5352 13867 719 13953 5357 14061 
1 3 950 3860 726 
1 7 16 5212 5752 786 13639 13629 13658 
1 10 20569 20554 20542 20529 20519 20508 20503 20487 20482 20470 
1 3 20529 20528 20530 
1 7 20557 20564 20566 20572 20582 20592 20593 
1 6 20572 20585 20594 20603 20604 20609 
1 13 20618 20617 20630 20643 20661 20677 20707 20738 20750 20776 20793 20803 20819 
1 2 20819 20847 
1 10 20738 20749 20775 20802 20836 20856 20899 20939 20978 20956 
1 8 20832 20818 20801 20800 20770 20783 20780 20760 
1 7 20677 20683 20687 20686 20667 20671 20654 
1 7 20904 20933 20980 21002 21024 21038 21049 
1 4 21024 21044 21054 21067 
1 5 21002 20993 20970 20945 20935 
1 9 21143 21148 21155 21171 21182 21185 21192 21199 21202 
1 6 21185 21183 21181 21179 21163 21160 
1 2 21160 21156 
1 12 2935 3169 9222 1997 5312 9098 9070 2482 9011 3940 8912 8856 
1 3 9291 830 2935 
1 6 1942 8425 8431 3439 8432 1934 
1 6 8432 8395 8336 4037 8223 907 
1 8 907 8166 8125 2272 306 7993 5505 773 
1 6 7818 4296 7863 7881 7903 773 
1 5 7823 4296 5249 7910 7944 
1 6 773 289 8006 4235 8109 4420 
1 14 8065 8066 328 8073 8034 8013 8014 3466 8008 1919 2380 1527 8002 3111 
1 6 4445 4508 269 7911 1443 8002 
1 8 7783 7791 5693 7835 4097 7928 4204 8014 
1 4 2380 7920 7888 4167 
1 5 4167 3836 5938 7763 7730 
1 4 7763 817 7786 5693 
1 7 4962 8272 3310 1598 8094 8035 2380 
1 9 53 2151 7576 6220 7512 1271 7504 2256 5797 
1 6 5797 1085 7450 1843 3792 7443 
1 6 1843 7415 5116 5229 7262 1080 
1 5 1080 7214 4313 7208 2569 
1 3 3300 7138 2569 
1 8 2569 7258 5757 3325 7422 7451 5873 7512 
1 6 5757 7288 7268 7263 4509 2786 
1 5 2411 5223 4739 7110 580 
1 6 580 7064 5550 7031 1923 388 
1 6 1923 3892 2711 6931 6895 6909 
1 6 1923 7008 4623 7118 7155 1588 
1 7 7155 7213 7267 7315 5041 7403 7429 
1 7 7267 3709 7354 7375 7395 1852 2138 
1 4 7375 7334 7310 7257 
1 3 5223 7045 7009 
1 6 7009 6973 4214 6886 6838 6804 
1 6 88 6430 6417 6392 3579 6384 
1 5 6384 6393 6409 6424 2013 
1 7 2013 6425 2129 1982 6396 5811 6397 
1 4 2013 6451 2657 6511 
1 12 6396 140 6350 6342 6332 6323 6317 6306 4045 2687 6287 6282 
1 10 6323 6328 364 2366 3534 6326 5784 3374 6322 6321 
1 6 6391 6395 5425 6402 2071 6398 
1 5 5425 6413 6434 6452 6474 
1 7 6398 6414 981 6447 5021 6509 4043 
1 4 4043 6541 3379 6555 
1 7 4043 1509 1077 6579 6597 6611 6633 
1 7 6641 6644 6627 1384 6596 2778 1077 
1 19 6812 6787 6767 6797 6820 6874 2075 5104 941 4000 7125 7172 1071 6253 7248 3381 7350 5906 7431 
1 7 7248 878 7194 7167 6196 7202 7226 
1 9 941 7057 7042 1187 3952 4866 7161 1209 7176 
1 8 941 7014 3653 6976 6953 3197 6910 6913 
1 9 1746 7565 3607 7669 7703 3098 5209 7788 7811 
1 5 7703 7732 3407 7789 7812 
1 2 3701 7788 
1 10 4397 7982 8015 4543 8135 1744 8249 8307 8326 8361 
1 4 8249 1101 8217 8242 
1 5 8307 8280 8243 3748 8234 
1 5 7982 7977 7967 3969 4119 
1 5 8365 8339 8301 8313 8283 
1 4 8433 8447 1869 8503 
1 8 8503 8474 8460 1806 8435 3396 8374 8365 
1 9 2499 9183 9211 9241 9270 1518 1321 9373 9406 
1 10 9406 9431 4076 2254 301 9379 9388 9389 6137 9390 
1 7 2254 9448 9479 9519 9584 9623 5020 
1 10 5020 9678 9667 9677 6212 9671 9662 9650 5569 430 
1 10 2499 9180 9172 9191 329 9251 9275 5401 3520 9359 
1 8 430 9544 9533 9494 9462 9421 9387 9359 
1 7 9211 2787 1745 9174 3557 2502 724 
1 15 360 2747 10634 1615 10554 2288 10489 230 10426 4745 10427 1138 10392 3625 3475 
1 5 10314 10352 1059 10404 230 
1 8 10427 10455 10497 10522 10546 2207 10625 3538 
1 7 10625 10656 10685 10717 1663 10793 4088 
1 3 10717 10738 1325 
1 3 2207 3767 10597 
1 2 3538 10690 
1 16 2446 10370 1572 153 3394 10214 10159 10122 10085 10045 212 10016 4122 9971 278 9897 
1 10 10281 10253 10220 4480 10184 10143 10135 10099 5359 10085 
1 17 1572 10388 10428 586 10476 1787 10490 10508 903 10486 10491 10449 10457 5954 10401 10377 10348 
1 10 10348 4718 2556 10209 10185 4469 10086 6164 2809 1937 
1 5 1937 9928 9917 9911 9897 
1 4 10159 10158 1822 10168 
1 16 19579 19566 19552 19534 19524 19514 19491 19464 19439 19406 19381 19351 19339 19319 19310 19309 
1 7 19514 19510 19512 19511 19522 19533 19541 
1 8 19524 19520 19523 19513 19498 19482 19485 19486 
1 9 19319 19316 19340 19356 19363 19376 19382 19412 19407 
1 4 19407 19428 19462 19486 
1 9 19511 19500 19480 19456 19427 19411 19383 19362 19336 
1 4 19336 19329 19313 19309 
1 9 17931 3484 6040 5091 18015 18038 18073 18096 18117 
1 5 374 17904 17906 17917 17931 
1 6 4721 5214 3843 5448 18159 3448 
1 5 18073 18097 2007 5214 3843 
1 5 3448 18134 18118 918 18057 
1 5 18057 4393 303 17991 5250 
1 3 5250 17961 494 
1 4 494 17947 17942 2392 
1 7 2392 17924 4897 1217 17902 1143 374 
1 4 18008 18027 6135 18090 
1 3 18090 5890 18149 
1 2 5890 18145 
1 2 5890 18094 
1 11 611 3288 18247 5846 18258 18254 18265 650 4901 2702 18270 
1 7 611 196 2350 5025 18268 18275 18289 
1 5 18289 2518 18313 2649 2221 
1 6 2221 5228 18337 18349 1205 18335 
1 7 18335 18332 18334 18333 4496 18331 1813 
1 5 1205 18357 18376 18386 2107 
1 5 2107 3830 5114 18371 18374 
1 8 18593 18603 18604 1014 18626 3375 18633 18640 
1 5 3375 18646 5968 18664 18667 
1 8 18667 18662 18652 18641 18632 505 18611 18603 
1 13 18649 18644 18655 18661 5166 1379 1652 18625 18609 18599 115 18579 937 
1 6 937 3908 3387 1607 3878 18622 
1 4 3387 18608 18618 18625 
1 3 3878 18636 18644 
1 12 517 18503 18516 5866 18532 1828 18543 841 18551 18558 18569 18581 
1 6 517 18498 18497 18509 4527 18533 
1 27 18341 18353 2951 18375 18372 18382 18393 18399 5468 18405 5182 18414 18416 18417 18415 507 178 18401 4751 241 5926 18356 18343 5957 18338 18328 18330 
1 2 18341 18330 
1 6 2951 6240 18384 18383 2665 241 
1 5 6240 471 1289 18411 18417 
1 3 1289 5745 178 
1 8 4853 18450 2832 995 4637 18493 18496 18501 
1 5 995 18488 18495 214 2434 
1 8 18528 252 5094 18545 3062 18556 1770 1515 
1 5 5094 18536 18529 18517 18508 
1 5 3062 18565 18574 18585 18597 
1 18 18201 5572 3393 18259 18260 18249 18238 18227 18207 4710 18174 18151 18112 18087 18077 18074 2602 18119 
1 2 19285 19273 
1 3 19273 19277 19274 
1 4 19274 19271 19262 19257 
1 3 19257 19249 19247 
1 3 19256 19251 19249 
1 6 19271 19278 19290 19297 19302 19308 
1 4 4249 3516 17871 17882 
1 4 4249 938 1703 17855 
1 4 3253 17791 17816 938 
1 5 17855 3271 17876 17887 17891 
1 4 17891 17896 17900 17899 
1 2 19345 19368 
1 2 19368 19353 
1 3 19353 19348 19349 
1 4 19349 19377 19399 19436 
1 5 19436 19448 19479 19483 19492 
1 2 4363 4232 
1 5 17330 17293 17311 1632 765 
1 5 4232 17352 3220 17358 1377 
1 5 17352 17321 3272 17245 17210 
1 3 17174 347 765 
1 4 765 17222 759 17210 
1 5 17210 17152 17087 17044 17009 
1 3 1377 17353 17322 
1 7 17322 17276 923 17219 17197 17153 17106 
1 7 17106 1814 17010 16980 16958 16934 16906 
1 6 17009 3108 4089 16968 5916 16906 
1 7 17255 17294 17332 17369 17415 17455 17493 
1 4 17493 17497 17538 17560 
1 4 17560 5718 3418 17633 
1 2 17633 17650 
1 4 17497 4823 17464 17439 
1 4 17439 1146 4914 17316 
1 2 1146 17336 
1 2 1146 17418 
1 2 1146 17403 
1 4 4914 1264 363 17347 
1 5 17347 17393 1338 2540 17546 
1 7 17650 998 17600 2992 17572 1460 17546 
1 3 17546 5181 17619 
1 2 17619 17635 
1 5 17635 924 3746 17590 17573 
1 4 17573 17540 17499 330 
1 4 330 2170 17355 17337 
1 14 3722 2998 3360 17984 17993 5280 18042 4848 3478 18155 1328 18222 18239 2705 
1 9 17993 3489 6096 17955 17956 5030 17935 17944 17933 
1 9 1328 18183 18166 4269 4554 3560 18093 18079 4705 
1 7 18042 18047 18061 366 18075 18054 18067 
1 2 2705 18250 
1 9 3526 18422 3686 18431 18437 6125 18464 18472 18484 
1 5 18437 18442 2181 18448 18454 
1 6 18437 2611 18439 3502 18436 1498 
1 5 19182 19161 19151 19142 19123 
1 5 19142 19137 19150 19167 19172 
1 7 19172 19170 19156 19152 19168 19179 19187 
1 4 19187 19204 19212 19223 
1 3 19223 19237 19236 
1 9 19148 19155 19147 19146 19154 19163 19175 19188 19187 
1 4 19148 19133 19111 19100 
1 5 19100 19098 19095 19081 19077 
1 2 19123 19119 
1 6 17801 17771 4515 89 17690 17664 
1 8 3854 209 17727 1246 17711 811 17667 17622 
1 9 1360 2658 17411 17447 17481 17519 17562 5695 17664 
1 4 17622 805 17563 2810 
1 3 2810 17482 17449 
1 2 17449 17473 
1 2 17449 5430 
1 2 17449 17428 
1 6 17428 17417 17416 17367 17356 3099 
1 3 3099 17343 1360 
1 17 16094 16095 16061 3700 16024 2205 2174 15959 15941 15950 15911 4608 15904 15886 15868 15845 15833 
1 8 16186 972 16115 16075 16030 16006 4816 15950 
1 8 5958 15897 15902 2736 15914 5335 15935 15959 
1 5 215 5843 15876 15888 5335 
