1 10 
1 14 
1 16 
1 53 
1 56 
1 88 
1 148 
1 152 
1 178 
1 206 
1 215 
1 223 
1 230 
1 241 
1 243 
1 248 
1 259 
1 269 
1 276 
1 323 
1 330 
1 353 
1 360 
1 362 
1 374 
1 387 
1 388 
1 430 
1 451 
1 494 
1 510 
1 517 
1 549 
1 550 
1 568 
1 580 
1 611 
1 617 
1 650 
1 676 
1 682 
1 683 
1 686 
1 706 
1 709 
1 724 
1 726 
1 729 
1 734 
1 736 
1 765 
1 773 
1 821 
1 830 
1 837 
1 850 
1 865 
1 871 
1 878 
1 887 
1 897 
1 907 
1 924 
1 932 
1 937 
1 938 
1 941 
1 950 
1 973 
1 995 
1 999 
1 1020 
1 1034 
1 1044 
1 1063 
1 1077 
1 1080 
1 1088 
1 1089 
1 1091 
1 1122 
1 1132 
1 1133 
1 1143 
1 1144 
1 1146 
1 1161 
1 1183 
1 1205 
1 1223 
1 1227 
1 1229 
1 1231 
1 1235 
1 1240 
1 1283 
1 1289 
1 1318 
1 1320 
1 1325 
1 1328 
1 1347 
1 1360 
1 1376 
1 1377 
1 1378 
1 1402 
1 1417 
1 1425 
1 1430 
1 1437 
1 1441 
1 1450 
1 1456 
1 1487 
1 1494 
1 1498 
1 1505 
1 1515 
1 1516 
1 1533 
1 1544 
1 1572 
1 1578 
1 1580 
1 1588 
1 1597 
1 1621 
1 1630 
1 1638 
1 1642 
1 1655 
1 1667 
1 1669 
1 1670 
1 1715 
1 1742 
1 1746 
1 1750 
1 1754 
1 1800 
1 1813 
1 1819 
1 1833 
1 1843 
1 1849 
1 1850 
1 1883 
1 1923 
1 1934 
1 1937 
1 1942 
1 1947 
1 1951 
1 1967 
1 1981 
1 2013 
1 2019 
1 2020 
1 2043 
1 2056 
1 2062 
1 2097 
1 2105 
1 2107 
1 2114 
1 2131 
1 2138 
1 2182 
1 2201 
1 2207 
1 2215 
1 2221 
1 2241 
1 2254 
1 2307 
1 2321 
1 2337 
1 2345 
1 2346 
1 2353 
1 2360 
1 2370 
1 2380 
1 2389 
1 2392 
1 2411 
1 2413 
1 2434 
1 2436 
1 2437 
1 2446 
1 2449 
1 2471 
1 2472 
1 2489 
1 2499 
1 2502 
1 2504 
1 2531 
1 2544 
1 2552 
1 2569 
1 2576 
1 2579 
1 2601 
1 2623 
1 2645 
1 2668 
1 2669 
1 2704 
1 2705 
1 2726 
1 2728 
1 2746 
1 2756 
1 2764 
1 2785 
1 2786 
1 2792 
1 2801 
1 2810 
1 2833 
1 2840 
1 2843 
1 2854 
1 2860 
1 2900 
1 2903 
1 2905 
1 2915 
1 2921 
1 2929 
1 2932 
1 2935 
1 2937 
1 2950 
1 2951 
1 2972 
1 3000 
1 3025 
1 3027 
1 3051 
1 3062 
1 3089 
1 3099 
1 3111 
1 3122 
1 3148 
1 3159 
1 3165 
1 3188 
1 3191 
1 3200 
1 3228 
1 3246 
1 3253 
1 3291 
1 3300 
1 3313 
1 3314 
1 3324 
1 3360 
1 3367 
1 3375 
1 3384 
1 3386 
1 3387 
1 3400 
1 3417 
1 3427 
1 3437 
1 3448 
1 3459 
1 3475 
1 3495 
1 3526 
1 3538 
1 3539 
1 3543 
1 3556 
1 3570 
1 3577 
1 3586 
1 3614 
1 3621 
1 3631 
1 3667 
1 3668 
1 3671 
1 3690 
1 3701 
1 3713 
1 3714 
1 3722 
1 3733 
1 3737 
1 3778 
1 3787 
1 3791 
1 3805 
1 3818 
1 3820 
1 3843 
1 3845 
1 3854 
1 3878 
1 3880 
1 3900 
1 3943 
1 3948 
1 3989 
1 3999 
1 4006 
1 4010 
1 4016 
1 4029 
1 4030 
1 4043 
1 4057 
1 4062 
1 4086 
1 4088 
1 4093 
1 4099 
1 4118 
1 4119 
1 4142 
1 4146 
1 4147 
1 4152 
1 4155 
1 4159 
1 4167 
1 4176 
1 4197 
1 4225 
1 4232 
1 4235 
1 4249 
1 4295 
1 4333 
1 4363 
1 4370 
1 4382 
1 4393 
1 4396 
1 4397 
1 4399 
1 4401 
1 4420 
1 4445 
1 4456 
1 4457 
1 4472 
1 4493 
1 4501 
1 4535 
1 4548 
1 4559 
1 4586 
1 4594 
1 4606 
1 4636 
1 4654 
1 4662 
1 4685 
1 4698 
1 4702 
1 4705 
1 4709 
1 4710 
1 4713 
1 4721 
1 4741 
1 4743 
1 4768 
1 4781 
1 4817 
1 4827 
1 4829 
1 4836 
1 4853 
1 4857 
1 4885 
1 4892 
1 4914 
1 4937 
1 4946 
1 4958 
1 4962 
1 4963 
1 4985 
1 4994 
1 5003 
1 5020 
1 5042 
1 5054 
1 5058 
1 5069 
1 5094 
1 5097 
1 5102 
1 5134 
1 5137 
1 5154 
1 5168 
1 5179 
1 5223 
1 5225 
1 5229 
1 5245 
1 5248 
1 5250 
1 5253 
1 5291 
1 5306 
1 5335 
1 5338 
1 5348 
1 5352 
1 5399 
1 5409 
1 5412 
1 5415 
1 5425 
1 5430 
1 5442 
1 5465 
1 5493 
1 5524 
1 5531 
1 5561 
1 5583 
1 5601 
1 5602 
1 5604 
1 5609 
1 5643 
1 5662 
1 5666 
1 5680 
1 5683 
1 5693 
1 5706 
1 5722 
1 5726 
1 5746 
1 5753 
1 5757 
1 5759 
1 5765 
1 5774 
1 5778 
1 5796 
1 5797 
1 5805 
1 5819 
1 5834 
1 5872 
1 5880 
1 5890 
1 5894 
1 5895 
1 5905 
1 5933 
1 5958 
1 5970 
1 5988 
1 5998 
1 6008 
1 6043 
1 6052 
1 6062 
1 6069 
1 6092 
1 6132 
1 6158 
1 6162 
1 6173 
1 6181 
1 6200 
1 6230 
1 6240 
1 6241 
1 6282 
1 6321 
1 6323 
1 6384 
1 6391 
1 6396 
1 6397 
1 6398 
1 6438 
1 6474 
1 6511 
1 6555 
1 6574 
1 6601 
1 6603 
1 6628 
1 6632 
1 6633 
1 6641 
1 6661 
1 6662 
1 6691 
1 6719 
1 6724 
1 6731 
1 6754 
1 6757 
1 6763 
1 6786 
1 6787 
1 6804 
1 6805 
1 6812 
1 6813 
1 6835 
1 6855 
1 6899 
1 6900 
1 6909 
1 6912 
1 6913 
1 6922 
1 6930 
1 6947 
1 6950 
1 6951 
1 6975 
1 6979 
1 6984 
1 6999 
1 7009 
1 7020 
1 7039 
1 7048 
1 7063 
1 7076 
1 7135 
1 7155 
1 7176 
1 7226 
1 7244 
1 7248 
1 7253 
1 7257 
1 7267 
1 7283 
1 7288 
1 7324 
1 7326 
1 7333 
1 7338 
1 7339 
1 7357 
1 7363 
1 7375 
1 7401 
1 7429 
1 7431 
1 7443 
1 7448 
1 7466 
1 7483 
1 7495 
1 7504 
1 7512 
1 7538 
1 7545 
1 7565 
1 7576 
1 7609 
1 7616 
1 7619 
1 7648 
1 7703 
1 7727 
1 7730 
1 7735 
1 7760 
1 7763 
1 7771 
1 7773 
1 7783 
1 7788 
1 7800 
1 7811 
1 7812 
1 7818 
1 7823 
1 7879 
1 7944 
1 7972 
1 7982 
1 8002 
1 8014 
1 8018 
1 8065 
1 8066 
1 8121 
1 8136 
1 8137 
1 8141 
1 8182 
1 8190 
1 8209 
1 8234 
1 8242 
1 8249 
1 8268 
1 8283 
1 8301 
1 8307 
1 8361 
1 8365 
1 8432 
1 8433 
1 8442 
1 8503 
1 8505 
1 8526 
1 8527 
1 8531 
1 8534 
1 8540 
1 8541 
1 8549 
1 8565 
1 8606 
1 8670 
1 8685 
1 8714 
1 8738 
1 8740 
1 8767 
1 8770 
1 8791 
1 8808 
1 8813 
1 8828 
1 8841 
1 8852 
1 8856 
1 8888 
1 8913 
1 8964 
1 8968 
1 8991 
1 8998 
1 9025 
1 9026 
1 9052 
1 9110 
1 9115 
1 9211 
1 9243 
1 9247 
1 9255 
1 9276 
1 9291 
1 9327 
1 9335 
1 9353 
1 9359 
1 9390 
1 9398 
1 9406 
1 9470 
1 9498 
1 9606 
1 9641 
1 9652 
1 9702 
1 9743 
1 9748 
1 9755 
1 9763 
1 9767 
1 9772 
1 9811 
1 9829 
1 9858 
1 9884 
1 9897 
1 9925 
1 9966 
1 10072 
1 10082 
1 10085 
1 10086 
1 10110 
1 10118 
1 10126 
1 10130 
1 10132 
1 10159 
1 10168 
1 10213 
1 10256 
1 10281 
1 10293 
1 10308 
1 10314 
1 10348 
1 10399 
1 10403 
1 10406 
1 10425 
1 10427 
1 10446 
1 10488 
1 10597 
1 10625 
1 10629 
1 10665 
1 10690 
1 10717 
1 10729 
1 10756 
1 10776 
1 10797 
1 10809 
1 10906 
1 10955 
1 10989 
1 11013 
1 11035 
1 11061 
1 11068 
1 11120 
1 11130 
1 11147 
1 11174 
1 11178 
1 11206 
1 11253 
1 11278 
1 11282 
1 11284 
1 11320 
1 11330 
1 11359 
1 11363 
1 11379 
1 11394 
1 11404 
1 11405 
1 11428 
1 11442 
1 11479 
1 11489 
1 11519 
1 11533 
1 11565 
1 11583 
1 11597 
1 11623 
1 11662 
1 11663 
1 11672 
1 11679 
1 11688 
1 11703 
1 11710 
1 11727 
1 11733 
1 11738 
1 11750 
1 11755 
1 11775 
1 11798 
1 11804 
1 11806 
1 11812 
1 11813 
1 11815 
1 11823 
1 11829 
1 11830 
1 11833 
1 11840 
1 11850 
1 11868 
1 11869 
1 11877 
1 11879 
1 11880 
1 11899 
1 11901 
1 11911 
1 11916 
1 11936 
1 11939 
1 11940 
1 11946 
1 11948 
1 11956 
1 11961 
1 11962 
1 11963 
1 12012 
1 12018 
1 12033 
1 12035 
1 12048 
1 12063 
1 12076 
1 12088 
1 12097 
1 12114 
1 12125 
1 12136 
1 12151 
1 12157 
1 12161 
1 12191 
1 12194 
1 12220 
1 12251 
1 12258 
1 12272 
1 12277 
1 12288 
1 12291 
1 12309 
1 12312 
1 12316 
1 12333 
1 12334 
1 12342 
1 12347 
1 12352 
1 12372 
1 12384 
1 12407 
1 12447 
1 12450 
1 12455 
1 12492 
1 12528 
1 12535 
1 12537 
1 12543 
1 12560 
1 12565 
1 12574 
1 12586 
1 12621 
1 12630 
1 12637 
1 12673 
1 12681 
1 12685 
1 12723 
1 12724 
1 12728 
1 12754 
1 12758 
1 12762 
1 12786 
1 12812 
1 12822 
1 12828 
1 12831 
1 12842 
1 12844 
1 12867 
1 12877 
1 12892 
1 12898 
1 12905 
1 12918 
1 12946 
1 12971 
1 12973 
1 12979 
1 12981 
1 13011 
1 13018 
1 13026 
1 13046 
1 13057 
1 13067 
1 13085 
1 13091 
1 13100 
1 13103 
1 13117 
1 13118 
1 13124 
1 13131 
1 13134 
1 13136 
1 13139 
1 13141 
1 13144 
1 13160 
1 13163 
1 13164 
1 13181 
1 13185 
1 13189 
1 13190 
1 13205 
1 13207 
1 13240 
1 13252 
1 13282 
1 13292 
1 13297 
1 13315 
1 13326 
1 13333 
1 13338 
1 13378 
1 13411 
1 13442 
1 13455 
1 13456 
1 13462 
1 13478 
1 13487 
1 13496 
1 13518 
1 13519 
1 13529 
1 13530 
1 13535 
1 13548 
1 13578 
1 13594 
1 13596 
1 13603 
1 13642 
1 13650 
1 13657 
1 13658 
1 13714 
1 13723 
1 13748 
1 13754 
1 13758 
1 13795 
1 13798 
1 13799 
1 13820 
1 13822 
1 13829 
1 13863 
1 13874 
1 13882 
1 13889 
1 13896 
1 13923 
1 13929 
1 14001 
1 14058 
1 14061 
1 14066 
1 14086 
1 14090 
1 14091 
1 14102 
1 14112 
1 14129 
1 14142 
1 14146 
1 14167 
1 14168 
1 14204 
1 14238 
1 14264 
1 14276 
1 14316 
1 14321 
1 14339 
1 14343 
1 14361 
1 14364 
1 14367 
1 14369 
1 14380 
1 14382 
1 14385 
1 14406 
1 14407 
1 14415 
1 14467 
1 14487 
1 14494 
1 14502 
1 14506 
1 14512 
1 14536 
1 14553 
1 14613 
1 14659 
1 14662 
1 14672 
1 14675 
1 14709 
1 14710 
1 14712 
1 14728 
1 14742 
1 14753 
1 14758 
1 14759 
1 14761 
1 14777 
1 14802 
1 14851 
1 14862 
1 14883 
1 14900 
1 14901 
1 14905 
1 14906 
1 14926 
1 14928 
1 14943 
1 14962 
1 14987 
1 15022 
1 15028 
1 15047 
1 15052 
1 15083 
1 15085 
1 15091 
1 15107 
1 15131 
1 15139 
1 15167 
1 15172 
1 15183 
1 15236 
1 15247 
1 15253 
1 15258 
1 15269 
1 15292 
1 15305 
1 15317 
1 15348 
1 15361 
1 15367 
1 15370 
1 15372 
1 15383 
1 15386 
1 15404 
1 15409 
1 15437 
1 15450 
1 15456 
1 15468 
1 15476 
1 15510 
1 15519 
1 15525 
1 15530 
1 15537 
1 15586 
1 15594 
1 15600 
1 15617 
1 15640 
1 15663 
1 15664 
1 15688 
1 15736 
1 15744 
1 15745 
1 15748 
1 15755 
1 15758 
1 15763 
1 15768 
1 15796 
1 15808 
1 15809 
1 15815 
1 15821 
1 15833 
1 15834 
1 15843 
1 15858 
1 15865 
1 15875 
1 15885 
1 15899 
1 15905 
1 15916 
1 15917 
1 15919 
1 15929 
1 15950 
1 15953 
1 15959 
1 15966 
1 15992 
1 15998 
1 16000 
1 16004 
1 16014 
1 16015 
1 16023 
1 16032 
1 16062 
1 16094 
1 16125 
1 16131 
1 16186 
1 16209 
1 16212 
1 16246 
1 16266 
1 16292 
1 16335 
1 16356 
1 16363 
1 16382 
1 16388 
1 16396 
1 16404 
1 16406 
1 16430 
1 16472 
1 16520 
1 16528 
1 16538 
1 16575 
1 16606 
1 16607 
1 16613 
1 16635 
1 16647 
1 16665 
1 16676 
1 16679 
1 16697 
1 16699 
1 16717 
1 16733 
1 16787 
1 16788 
1 16805 
1 16817 
1 16827 
1 16862 
1 16897 
1 16906 
1 16945 
1 17009 
1 17106 
1 17123 
1 17153 
1 17159 
1 17161 
1 17164 
1 17174 
1 17195 
1 17207 
1 17210 
1 17218 
1 17226 
1 17230 
1 17242 
1 17255 
1 17272 
1 17274 
1 17277 
1 17284 
1 17316 
1 17318 
1 17320 
1 17322 
1 17323 
1 17325 
1 17330 
1 17336 
1 17337 
1 17339 
1 17347 
1 17352 
1 17360 
1 17369 
1 17403 
1 17406 
1 17413 
1 17418 
1 17423 
1 17428 
1 17430 
1 17439 
1 17449 
1 17451 
1 17468 
1 17473 
1 17493 
1 17497 
1 17533 
1 17543 
1 17546 
1 17560 
1 17573 
1 17619 
1 17622 
1 17633 
1 17635 
1 17637 
1 17650 
1 17664 
1 17757 
1 17772 
1 17773 
1 17791 
1 17801 
1 17855 
1 17882 
1 17891 
1 17899 
1 17900 
1 17931 
1 17933 
1 17993 
1 18008 
1 18042 
1 18057 
1 18067 
1 18073 
1 18074 
1 18090 
1 18094 
1 18117 
1 18119 
1 18145 
1 18149 
1 18201 
1 18239 
1 18250 
1 18260 
1 18270 
1 18289 
1 18328 
1 18330 
1 18335 
1 18341 
1 18356 
1 18374 
1 18399 
1 18417 
1 18437 
1 18454 
1 18484 
1 18501 
1 18508 
1 18528 
1 18532 
1 18533 
1 18581 
1 18593 
1 18597 
1 18599 
1 18603 
1 18622 
1 18625 
1 18640 
1 18644 
1 18649 
1 18667 
1 19077 
1 19100 
1 19119 
1 19123 
1 19142 
1 19148 
1 19161 
1 19172 
1 19182 
1 19187 
1 19223 
1 19236 
1 19247 
1 19249 
1 19256 
1 19257 
1 19271 
1 19273 
1 19274 
1 19285 
1 19308 
1 19309 
1 19319 
1 19336 
1 19345 
1 19349 
1 19353 
1 19368 
1 19407 
1 19436 
1 19486 
1 19492 
1 19511 
1 19514 
1 19524 
1 19541 
1 19579 
1 19580 
1 19586 
1 19635 
1 19640 
1 19659 
1 19676 
1 19677 
1 19701 
1 19705 
1 19712 
1 19756 
1 19770 
1 19776 
1 19777 
1 19784 
1 19788 
1 19797 
1 19810 
1 19819 
1 19821 
1 19838 
1 19862 
1 19898 
1 19928 
1 19931 
1 19947 
1 19955 
1 19958 
1 19979 
1 20017 
1 20038 
1 20062 
1 20181 
1 20212 
1 20235 
1 20240 
1 20291 
1 20327 
1 20356 
1 20417 
1 20426 
1 20441 
1 20460 
1 20470 
1 20496 
1 20529 
1 20530 
1 20557 
1 20569 
1 20572 
1 20593 
1 20609 
1 20618 
1 20630 
1 20654 
1 20670 
1 20677 
1 20693 
1 20699 
1 20732 
1 20738 
1 20760 
1 20762 
1 20788 
1 20808 
1 20819 
1 20820 
1 20829 
1 20832 
1 20840 
1 20847 
1 20850 
1 20878 
1 20904 
1 20926 
1 20935 
1 20955 
1 20956 
1 20961 
1 21002 
1 21024 
1 21049 
1 21057 
1 21067 
1 21072 
1 21086 
1 21088 
1 21130 
1 21134 
1 21143 
1 21156 
1 21160 
1 21185 
1 21202 
1 21204 
1 21206 
1 21247 
1 21254 
1 21265 
1 21291 
1 21295 
1 21309 
1 21313 
1 21318 
1 21380 
1 21385 
1 21395 
1 21418 
1 21471 
1 21503 
1 21511 
1 21524 
1 21561 
1 21596 
1 21602 
1 21607 
1 21618 
1 21628 
1 21630 
1 21673 
1 21674 
1 21680 
1 21686 
1 21696 
1 21711 
1 21741 
1 21756 
1 21777 
1 21797 
1 21799 
1 21818 
1 21821 
1 21840 
1 21869 
1 21882 
