state={
	id=183
	name="STATE_183"
	provinces={
		20613 20614 20615 20616 20617 20618 20619 20620 20621 20622 20623 20624 20625 20626 20627 20628 20629 20630 20631 20632 20633 20634 20635 20636 20637 20638 20639 20640 20641 20642 20643 20644 20645 20646 20647 20648 20649 20650 20651 20652 20653 20654 20655 20656 20657 20658 20659 20660 20661 20662 20663 20664 20665 20666 20667 20671 20673 20674 20676 20677 20678 20681 20682 20683 20685 20686 20687 20690 20691 20692 20694 20695 20697 20701 20702 20703 20707 20710 20711 20712 20714 20715 20716 20720 20723 20724 20725 20726 20728 20729 20730 20735 20736 20737 20738 20739 20741 20742 20746 20747 20748 20749 20750 20751 20755 20759 20760 20761 20764 20765 20767 20768 20770 20775 20776 20777 20780 20781 20782 20783 20784 20789 20791 20792 20793 20800 20801 20802 20803 20805 20807 20810 20812 20813 20817 20818 20819 20823 20825 20826 20827 20831 20832 20834 20835 20836 20841 20842 20847 20851 20852 20855 20856 20857 20858 20862 20863 20867 20868 20873 20874 20879 20880 20881 20885 20888 20898 20899 20900 20901 20902 20903 20907 20911 20912 20913 20916 20917 20918 20929 20930 20931 20932 20938 20939 20947 20948 20956 20957 20958 20966 20967 20971 20972 20978 20983 20991 20992 21000 21007 21011 
	}
	resources={
		oil=30#Fuel
		rubber=25#Doonium
		tungsten=10#Bacta
		steel=16#Alloys
		chromium=24#Circuitry
		#credits=5
	}
	history = {
		buildings = {

			# radar_station = #Tracking Station

			# #credits_building = #Trading Hubs

			# minerals_refinery = #Mineral Refinery

			# synthetic_refinery = #Tibanna Refinery

			# anti_air_building = #Planetary Shields

			# industrial_complex = #Civilian Factories

			# arms_factory = #Military Factories

			# dockyard = #Shipyard

			# infrastructure = 1#Infrastructure

			# air_base = 1#Small Spaceports
		}
		owner = CHS
		add_core_of = CHS
	}
	manpower = 9420000
	state_category = large_planet
	buildings_max_level_factor=1.000
	local_supplies=0.000
}
