state={
	id=187
	name="STATE_187"
	provinces={
		20668 20669 20670 20672 20675 20679 20680 20684 20688 20689 20693 20696 20698 20699 20700 20704 20705 20706 20708 20709 20713 20717 20718 20719 20721 20722 20727 20731 20732 20733 20734 20740 20743 20744 20745 20752 20753 20754 20756 20757 20758 20762 20763 20766 20769 20771 20772 20773 20774 20778 20779 20785 20786 20787 20788 20790 20794 20795 20796 20797 20798 20799 20804 20806 20808 20809 20811 20814 20815 20816 20820 20821 20822 20824 20828 20829 20830 20833 20837 20838 20839 20840 20843 20844 20845 20846 20848 20849 20850 20853 20854 20859 20860 20861 20866 20871 20872 20876 20877 20878 20883 20884 20886 20887 20889 20890 20891 20892 20894 20895 20896 20897 20906 20908 20909 20910 20919 20921 20922 20923 20925 20926 20927 20928 20936 20937 20942 20943 20946 20949 20950 20951 20952 20953 20954 20955 20960 20961 20962 20963 20964 20965 20974 20975 20976 20977 20981 20982 20987 20989 20990 20994 20995 20997 20998 20999 21004 21005 21006 21008 21009 21010 21016 21017 21021 21022 21025 21026 21027 21028 21029 21030 21031 21032 21034 21035 21036 21037 21039 21043 21047 21048 21050 21051 21052 21053 21056 21057 21059 21060 21061 21064 21065 21066 21068 21072 21073 21074 21075 21076 21077 
	}
	resources={
		oil=1#Fuel
		rubber=2#Doonium
		tungsten=10#Bacta
		steel=1#Alloys
		chromium=2#Circuitry
		#credits=5
	}
	history = {
		buildings = {

			# radar_station = #Tracking Station

			# #credits_building = #Trading Hubs

			# minerals_refinery = #Mineral Refinery

			# synthetic_refinery = #Tibanna Refinery

			# anti_air_building = #Planetary Shields

			# industrial_complex = #Civilian Factories

			# arms_factory = #Military Factories

			# dockyard = #Shipyard

			# infrastructure = 1#Infrastructure

			# air_base = 1#Small Spaceports
		}
		owner = REP
		add_core_of = REP
	}
	manpower = 10406050
	state_category = large_planet
	buildings_max_level_factor=1.000
	local_supplies=0.000
}
