state={
	id=191
	name="STATE_191"
	provinces={
		21305 21306 21307 21310 21313 21316 21317 21323 21326 21327 21328 21330 21332 21333 21339 21340 21349 21350 21351 21353 21354 21356 21357 21359 21360 21361 21366 21367 21370 21371 21378 21379 21380 21381 21382 21386 21387 21390 21393 21394 21397 21398 21400 21401 21404 21405 21406 21407 21408 21409 21411 21412 21413 21416 21417 21419 21420 21421 21422 21423 21424 21425 21426 21427 21428 21429 21430 21431 21432 21433 21434 21435 21436 21437 21438 21439 21440 21441 21442 21443 21444 21445 21446 21447 21448 21449 21450 21451 21452 21453 21454 21455 21456 21457 21458 21459 21460 21461 21462 21463 21464 21465 21466 21467 21468 21469 21470 21471 21472 21473 21474 21475 21476 21477 21478 21479 21480 21481 21482 21485 21486 21489 21491 21493 21494 21495 21496 21497 21500 21501 21502 21504 21505 21507 21508 21511 21512 21513 21514 21515 21517 21518 21519 21521 21522 21525 21526 21529 21530 21531 21532 21533 21534 21535 21538 21540 21541 21542 21543 21545 21546 21547 21548 21554 21555 21557 21558 21559 21560 21561 21565 21566 21568 21569 21570 21571 21573 21576 21579 21580 21581 21586 21587 21591 21592 21593 21595 21596 21597 21599 21600 21605 21608 21609 21612 21614 21615 21617 21620 
	}
	resources={
		oil=20#Fuel
		rubber=5#Doonium
		tungsten=15#Bacta
		steel=10#Alloys
		chromium=10#Circuitry
		#credits=5
	}
	history = {
		buildings = {

			# radar_station = #Tracking Station

			# #credits_building = #Trading Hubs

			# minerals_refinery = #Mineral Refinery

			# synthetic_refinery = #Tibanna Refinery

			# anti_air_building = #Planetary Shields

			# industrial_complex = #Civilian Factories

			# arms_factory = #Military Factories

			# dockyard = #Shipyard

			# infrastructure = 1#Infrastructure

			# air_base = 1#Small Spaceports
		}
		owner = CIS
		add_core_of = CIS
	}
	manpower = 130233
	state_category = large_planet
	buildings_max_level_factor=1.000
	local_supplies=0.000
}
