state={
	id=198
	name="STATE_198"
	provinces={
		20223 20224 20225 20226 20227 20228 20229 20230 20231 20232 20233 20234 20235 20236 20237 20238 20239 20240 20241 20242 20243 20244 20245 20246 20247 20248 20249 20250 20251 20252 20253 20254 20255 20256 20257 20258 20259 20260 20261 20262 20263 20264 20265 20266 20267 20268 20269 20270 20271 20272 20273 20274 20275 20276 20277 20278 20279 20280 20281 20282 20283 20284 20285 20286 20287 20288 20289 20290 20291 20292 20293 20294 20295 20296 20297 20298 20299 20300 20301 20302 20303 20304 20305 20306 20307 20308 20309 20310 20311 20312 20313 20314 20315 20316 20317 20318 20319 20320 20321 20322 20323 20324 20325 20326 20327 20328 20329 20330 20331 20332 20333 20334 20335 20336 20337 20338 20339 20340 20341 20342 20343 20344 20345 20346 20347 20348 20349 20350 20353 20354 20355 20358 20360 20363 20364 20365 20366 20367 20368 20369 20370 20371 20372 20373 20374 20377 20378 20381 20382 20383 20385 20386 20389 20390 20392 20393 20394 20395 20398 20399 20402 20403 20404 20406 20407 20408 20411 20412 20413 20415 20416 20417 20420 20421 20422 20427 20428 20429 20430 20431 20434 20435 20436 20438 20439 20444 20445 20447 20448 20449 20450 20454 20455 20456 20460 20462 20468 20469 20474 20478 20479 
	}
	resources={
		oil=18#Fuel
		rubber=26#Doonium
		tungsten=20#Bacta
		steel=15#Alloys
		chromium=20#Circuitry
		#credits=5
	}
	history = {
		buildings = {

			# radar_station = #Tracking Station

			# #credits_building = #Trading Hubs

			# minerals_refinery = #Mineral Refinery

			# synthetic_refinery = #Tibanna Refinery

			# anti_air_building = #Planetary Shields

			# industrial_complex = #Civilian Factories

			# arms_factory = #Military Factories

			# dockyard = #Shipyard

			# infrastructure = 1#Infrastructure

			# air_base = 1#Small Spaceports
		}
		owner = PYK
		add_core_of = PYK
	}
	manpower = 150542
	state_category = large_planet
	buildings_max_level_factor=1.000
	local_supplies=0.000
}
