state={
	id=203
	name="STATE_203"
	provinces={
		19309 19310 19311 19312 19313 19314 19315 19316 19317 19318 19319 19320 19321 19322 19325 19326 19329 19331 19332 19335 19336 19337 19338 19339 19340 19341 19342 19343 19344 19347 19350 19351 19352 19354 19355 19356 19357 19359 19361 19362 19363 19364 19366 19371 19372 19373 19374 19375 19376 19378 19380 19381 19382 19383 19384 19386 19387 19390 19393 19394 19395 19396 19400 19401 19402 19405 19406 19407 19409 19410 19411 19412 19414 19415 19416 19417 19421 19422 19423 19424 19427 19428 19431 19432 19433 19437 19438 19439 19440 19441 19443 19444 19445 19446 19449 19450 19451 19452 19455 19456 19459 19460 19461 19462 19464 19465 19466 19467 19470 19471 19473 19475 19476 19477 19480 19481 19482 19484 19485 19486 19487 19489 19490 19491 19493 19494 19497 19498 19500 19501 19502 19503 19504 19505 19506 19507 19508 19509 19510 19511 19512 19513 19514 19515 19516 19517 19518 19519 19520 19521 19522 19523 19524 19525 19526 19527 19528 19529 19530 19531 19532 19533 19534 19535 19536 19537 19538 19539 19540 19541 19542 19543 19544 19545 19546 19547 19548 19549 19550 19551 19552 19553 19554 19555 19556 19557 19561 19562 19564 19566 19569 19570 19575 19577 19578 19579 19584 
	}
	resources={
		oil=6#Fuel
		rubber=2#Doonium
		tungsten=2#Bacta
		steel=5#Alloys
		chromium=2#Circuitry
		#credits=5
	}
	history = {
		buildings = {

			# radar_station = #Tracking Station

			# #credits_building = #Trading Hubs

			# minerals_refinery = #Mineral Refinery

			# synthetic_refinery = #Tibanna Refinery

			# anti_air_building = #Planetary Shields

			# industrial_complex = #Civilian Factories

			# arms_factory = #Military Factories

			# dockyard = #Shipyard

			# infrastructure = 1#Infrastructure

			# air_base = 1#Small Spaceports
		}
		owner = SJX
		add_core_of = SJX
	}
	manpower = 123450
	state_category = large_planet
	buildings_max_level_factor=1.000
	local_supplies=0.000
}
