state={
	id=206
	name="STATE_206"
	provinces={
		19821 19822 19823 19824 19825 19826 19827 19828 19829 19830 19831 19832 19833 19834 19835 19836 19837 19838 19839 19840 19841 19842 19843 19844 19845 19846 19847 19848 19849 19850 19851 19852 19853 19854 19855 19856 19857 19858 19859 19860 19861 19862 19863 19864 19865 19866 19867 19868 19869 19870 19871 19872 19873 19874 19875 19876 19877 19878 19879 19880 19881 19882 19883 19884 19885 19886 19887 19888 19889 19890 19891 19892 19893 19894 19895 19896 19897 19898 19899 19900 19901 19902 19903 19904 19905 19906 19907 19908 19909 19910 19911 19912 19913 19914 19915 19916 19917 19918 19919 19920 19921 19922 19923 19924 19925 19926 19927 19928 19929 19930 19931 19932 19933 19934 19935 19936 19937 19938 19939 19940 19941 19942 19943 19944 19945 19946 19947 19948 19949 19950 19951 19952 19953 19954 19955 19956 19957 19958 19959 19960 19961 19962 19963 19964 19965 19966 19967 19968 19969 19970 19971 19972 19973 19974 19975 19976 19977 19978 19979 19980 19981 19982 19983 19984 19985 19986 19987 19988 19989 19990 19991 19992 19993 19994 19995 19996 19997 19998 19999 20000 20001 20002 20003 20004 20005 20006 20007 20008 20009 20010 20011 20012 20013 20014 20015 20016 20017 20018 20019 20020 20021 
	}
	resources={
		oil=1#Fuel
		rubber=2#Doonium
		tungsten=1#Bacta
		steel=1#Alloys
		chromium=2#Circuitry
		#credits=5
	}
	history = {
		buildings = {

			# radar_station = #Tracking Station

			# #credits_building = #Trading Hubs

			# minerals_refinery = #Mineral Refinery

			# synthetic_refinery = #Tibanna Refinery

			# anti_air_building = #Planetary Shields

			# industrial_complex = #Civilian Factories

			# arms_factory = #Military Factories

			# dockyard = #Shipyard

			# infrastructure = 1#Infrastructure

			# air_base = 1#Small Spaceports
		}
		owner = REP
		add_core_of = REP
	}
	manpower = 132600
	state_category = large_planet
	buildings_max_level_factor=1.000
	local_supplies=0.000
}
