state={
	id=487
	name="STATE_487"
	provinces={
		76 150 665 781 955 1216 1233 1276 1356 1655 1873 2039 2076 2090 2869 3182 3330 3405 3541 3712 3834 4281 5002 5198
		5506 5669 5835 6122 6169 16467 16471 16474 16478 16480 16481 16482 16484 16486 16492 16496 16497 16500 16510 16511
		16513 16519 16526 16528 16534 16537 16540 16541 16544 16549 16551 16556 16559 16564 16565 16568 16569 16570 16572
		16576 16579 16580 16582 16586 16587 16588 16590 16599 16603 16604 16608 16609 16620 16625 16626 16631
	}
	history = {
		owner = TBR
		add_core_of = TBR
	}
	manpower = 329300
	state_category = wasteland_sector
	buildings_max_level_factor=1.000
	local_supplies=0.000
}
