state={
	id=606
	name="STATE_606"
	provinces={
		16 425 440 786 1086 1275 1445 1580 1880 2823 3127 3187 3211 3681 4415 4922 5212 5342 5488 5688 5752 13379 13380 13391
		13399 13403 13440 13441 13449 13472 13495 13507 13508 13509 13515 13522 13542 13546 13551 13555 13565 13566 13592
		13598 13602 13608 13613 13619 13630 13634 13645 13646 13659 13660 13685 13721
	}
	history = {
		owner = CHS
		add_core_of = CHS
	}
	manpower = 223827
	state_category = agricultural_sector
	buildings_max_level_factor=1.000
	local_supplies=0.000
}
