state={
	id=812
	name="STATE_812"
	provinces={
		579 633 1466 1929 2096 2258 2419 2582 3018 3318 3344 3425 3974 4181 4193 5143 5527 5554 5937 6185 6221 9204 9205 9216
		9217 9235 9238 9240 9252 9254 9263 9268 9276 9283 9289 9290 9293 9294 9299 9300 9302 9308 9312 9313 9314 9315 9324
		9325 9328 9338 9347 9355 9356 9384 9396 9400 9414
	}
	history = {
		owner = DHT
		add_core_of = DHT
	}
	manpower = 18556
	state_category = agricultural_sector
	buildings_max_level_factor=1.000
	local_supplies=0.000
}
