state={
	id=956
	name="STATE_956"
	provinces={
		232 455 480 484 1082 1383 2183 2200 2308 2524 3577 3695 4455 4486 4668 4703 5070 5079 5220 5409 5530 10960 10961
		10968 10974 10982 10988 10997 11001 11008 11014 11015 11017 11018 11025 11026 11029 11032 11033 11037 11038 11048
		11049 11052 11058 11069 11074 11079 11088 11089 11092 11093 11106
	}
	history = {
		owner = HSS
		add_core_of = HSS
	}
	manpower = 353504
	state_category = wasteland_sector
	buildings_max_level_factor=1.000
	local_supplies=0.000
}
